0000000000000000
0000000000000010
0000000000000100
0000000000000110
0000000000001000
0000000000001010
0000000000001100
0000110010011110
0000110010100000
0010010111011000
0000110010100010
0000110010100100
0000110010100110
0000110010101000
0000110010101010
0000110010101100
0000110010101110
0000110010100000
0010010111011001
0000110010100010
0000110010100100
0000110010100110
0000110010101000
0000110010101010
0000110010101100
0000110010101110
0000110010100000
0010010111011010
0000110010100010
0000110010100100
0000110010100110
0000110010101000
0000110010101010
0000110010101100
0000110010101110
0000110010100000
0010010111011011
0000110010100010
0000110010100100
0000110010100110
0000110010101000
0000110010101010
0000110010101100
0000110010101110
0000110010100000
0010010111011100
0000110010100010
0000110010100100
0000110010100110
0000110010101000
0000110010101010
0000110010101100
0000110010101110
0000110010100000
0010010111011101
0000110010100010
0000110010100100
0000110010100110
0000110010101000
0000110010101010
0000110010101100
0000110010101110
0000110010100000
0010010111011110
0000110010100010
0000110010100100
0000110010100110
0000110010101000
0000110010101010
0000110010101100
0000110010101110
0000110010100000
0010010111011111
0000110010100010
0000110010100100
0000110010100110
0000110010101000
0000110010101010
0000110010101100
0000110010101110
0000110010100000
0010010111100000
0000110010100010
0000110010100100
0000110010100110
0000110010101000
0000110010101010
0000110010101100
0000110010101110
0000110010100000
0010010111100001
0000110010100010
0000110010100100
0000110010100110
0000110010101000
0000110010101010
0000110010101100
0000110010101110
0000110010100000
0010010111100010
0000110010100010
0000110010100100
0000110010100110
0000110010101000
0000110010101010
0000110010101100
0000110010101110
0000110010100000
0010010111100011
0000110010100010
0000110010100100
0000110010100110
0000110010101000
0000110010101010
0000110010101100
0000110010101110
0000110010110000
0000000000001110
0000000000010000
0000000000010010
0000000000010100
0000000000010110
0000000000011000
0000000000011010
0001100100110010
0001100100110100
0010010111100100
0001100100110110
0001100100111000
0001100100111010
0001100100111100
0001100100111110
0001100101000000
0001100101000010
0001100101000100
0001100101000110
0001100101001000
0001100101001010
0001100101001100
0001100101001110
0001100101010000
0001100101010010
0001100101010100
0001100100110100
0010010111100101
0001100100110110
0001100100111000
0001100100111010
0001100100111100
0001100100111110
0001100101000000
0001100101000010
0001100101000100
0001100101000110
0001100101001000
0001100101001010
0001100101001100
0001100101001110
0001100101010000
0001100101010010
0001100101010100
0001100100110100
0010010111100110
0001100100110110
0001100100111000
0001100100111010
0001100100111100
0001100100111110
0001100101000000
0001100101000010
0001100101000100
0001100101000110
0001100101001000
0001100101001010
0001100101001100
0001100101001110
0001100101010000
0001100101010010
0001100101010100
0001100100110100
0010010111100111
0001100100110110
0001100100111000
0001100100111010
0001100100111100
0001100100111110
0001100101000000
0001100101000010
0001100101000100
0001100101000110
0001100101001000
0001100101001010
0001100101001100
0001100101001110
0001100101010000
0001100101010010
0001100101010100
0001100100110100
0010010111101000
0001100100110110
0001100100111000
0001100100111010
0001100100111100
0001100100111110
0001100101000000
0001100101000010
0001100101000100
0001100101000110
0001100101001000
0001100101001010
0001100101001100
0001100101001110
0001100101010000
0001100101010010
0001100101010100
0001100100110100
0010010111101001
0001100100110110
0001100100111000
0001100100111010
0001100100111100
0001100100111110
0001100101000000
0001100101000010
0001100101000100
0001100101000110
0001100101001000
0001100101001010
0001100101001100
0001100101001110
0001100101010000
0001100101010010
0001100101010100
0001100100110100
0010010111101010
0001100100110110
0001100100111000
0001100100111010
0001100100111100
0001100100111110
0001100101000000
0001100101000010
0001100101000100
0001100101000110
0001100101001000
0001100101001010
0001100101001100
0001100101001110
0001100101010000
0001100101010010
0001100101010100
0001100100110100
0010010111101011
0001100100110110
0001100100111000
0001100100111010
0001100100111100
0001100100111110
0001100101000000
0001100101000010
0001100101000100
0001100101000110
0001100101001000
0001100101001010
0001100101001100
0001100101001110
0001100101010000
0001100101010010
0001100101010100
0001100100110100
0010010111101100
0001100100110110
0001100100111000
0001100100111010
0001100100111100
0001100100111110
0001100101000000
0001100101000010
0001100101000100
0001100101000110
0001100101001000
0001100101001010
0001100101001100
0001100101001110
0001100101010000
0001100101010010
0001100101010100
0001100101010110
0000000000011100